0 00000111 00000111 00000000 00110001		7*7=49
0 00110001 00000111 00000001 01010111 		49*7=343
0 10000111 00000011 11111110 10010101		-121*3= -363
0 11111110 11111001 00000000 00001110		-2*-7= 14
0 00000000 00000101 00000000 00000000		0*5=0
0 01111111 01111111 00111111 00000001		127*127= 16129
0 00001010 00000101 00000000 00110010          10 * 5 = 50
0 00001111 00000011 00000000 00101101          15 * 3 = 45
0 11111000 11111100 00000000 00100000          -8 * -4 = 32
0 11110111 00000011 11111111 11100101          -9 * 3 = -27
1 01111111 00111111 00000010 00000001          127 / 63 = 2
1 10000111 00001110 11111000 11110111          -121 / 14 = -8
1 10000111 00000011 11011000 11111111          -121 / 3 = -40.33
1 11111001 11111110 00000011 00000001           -7 / -2 = 3.5
1 01111111 01111111 00000001 00000000           127 / 127 = 1 